20 20
9
0 0 1 1 1 1 1 0 0 0 0 0 0 0 0 0 1 0 0 0 
0 0 1 0 0 0 0 0 1 0 0 0 0 0 0 1 0 1 0 0 
0 0 0 0 0 1 0 0 1 0 0 0 0 0 0 0 0 0 0 0 
0 0 0 0 0 0 0 0 1 0 0 0 0 0 0 1 1 1 0 0 
0 0 1 1 0 1 1 1 0 0 0 0 0 0 0 0 0 0 0 0 
0 0 0 1 0 1 0 0 0 0 0 1 1 1 1 1 0 0 0 0 
0 1 1 1 0 0 0 0 0 0 0 1 1 0 1 1 0 0 0 0 
1 0 1 0 0 0 0 0 0 0 0 0 0 0 0 0 0 0 0 0 
0 0 0 0 0 0 0 0 0 0 1 1 0 1 1 0 0 0 0 0 
0 0 0 0 0 0 0 0 0 0 1 1 0 1 1 0 0 0 0 0 
1 1 0 0 0 0 0 0 0 0 0 0 1 0 0 0 0 0 0 0 
0 0 0 0 0 0 0 0 0 0 0 0 0 0 0 0 0 0 0 0 
0 0 0 0 0 0 0 0 0 0 0 0 0 0 0 0 0 0 0 0 
1 0 1 0 0 0 0 0 0 0 0 0 0 0 0 0 0 0 0 0 
0 0 0 0 0 0 0 0 0 0 0 0 0 0 0 0 0 0 0 0 
0 0 0 0 0 0 0 1 1 1 0 0 0 0 0 0 0 0 0 0 
0 0 0 0 0 0 1 0 1 1 0 1 1 1 1 1 1 0 0 0 
0 0 0 0 0 0 1 0 1 1 0 1 1 1 0 1 1 0 0 0 
0 0 0 0 0 0 1 0 1 1 0 1 0 0 0 0 0 0 0 0 
1 1 1 1 1 1 1 1 1 1 0 0 1 1 1 1 1 1 0 0 
116 122 102 105 103 88 77 80 83 
